1.970000000000000000e+02 8.200000000000000000e+01
1.960000000000000000e+02 8.300000000000000000e+01
1.830000000000000000e+02 8.300000000000000000e+01
1.820000000000000000e+02 8.400000000000000000e+01
1.780000000000000000e+02 8.400000000000000000e+01
1.770000000000000000e+02 8.500000000000000000e+01
1.740000000000000000e+02 8.500000000000000000e+01
1.730000000000000000e+02 8.600000000000000000e+01
1.700000000000000000e+02 8.600000000000000000e+01
1.690000000000000000e+02 8.700000000000000000e+01
1.670000000000000000e+02 8.700000000000000000e+01
1.660000000000000000e+02 8.800000000000000000e+01
1.640000000000000000e+02 8.800000000000000000e+01
1.630000000000000000e+02 8.900000000000000000e+01
1.610000000000000000e+02 8.900000000000000000e+01
1.600000000000000000e+02 9.000000000000000000e+01
1.590000000000000000e+02 9.000000000000000000e+01
1.580000000000000000e+02 9.100000000000000000e+01
1.570000000000000000e+02 9.100000000000000000e+01
1.560000000000000000e+02 9.200000000000000000e+01
1.550000000000000000e+02 9.200000000000000000e+01
1.540000000000000000e+02 9.300000000000000000e+01
1.530000000000000000e+02 9.300000000000000000e+01
1.520000000000000000e+02 9.400000000000000000e+01
1.510000000000000000e+02 9.400000000000000000e+01
1.500000000000000000e+02 9.500000000000000000e+01
1.490000000000000000e+02 9.500000000000000000e+01
1.470000000000000000e+02 9.700000000000000000e+01
1.460000000000000000e+02 9.700000000000000000e+01
1.450000000000000000e+02 9.800000000000000000e+01
1.440000000000000000e+02 9.800000000000000000e+01
1.410000000000000000e+02 1.010000000000000000e+02
1.400000000000000000e+02 1.010000000000000000e+02
1.370000000000000000e+02 1.040000000000000000e+02
1.360000000000000000e+02 1.040000000000000000e+02
1.230000000000000000e+02 1.170000000000000000e+02
1.230000000000000000e+02 1.180000000000000000e+02
1.200000000000000000e+02 1.210000000000000000e+02
1.200000000000000000e+02 1.220000000000000000e+02
1.180000000000000000e+02 1.240000000000000000e+02
1.180000000000000000e+02 1.250000000000000000e+02
1.160000000000000000e+02 1.270000000000000000e+02
1.160000000000000000e+02 1.280000000000000000e+02
1.140000000000000000e+02 1.300000000000000000e+02
1.140000000000000000e+02 1.310000000000000000e+02
1.130000000000000000e+02 1.320000000000000000e+02
1.130000000000000000e+02 1.330000000000000000e+02
1.120000000000000000e+02 1.340000000000000000e+02
1.120000000000000000e+02 1.350000000000000000e+02
1.110000000000000000e+02 1.360000000000000000e+02
1.110000000000000000e+02 1.370000000000000000e+02
1.100000000000000000e+02 1.380000000000000000e+02
1.100000000000000000e+02 1.400000000000000000e+02
1.090000000000000000e+02 1.410000000000000000e+02
1.090000000000000000e+02 1.420000000000000000e+02
1.080000000000000000e+02 1.430000000000000000e+02
1.080000000000000000e+02 1.450000000000000000e+02
1.070000000000000000e+02 1.460000000000000000e+02
1.070000000000000000e+02 1.480000000000000000e+02
1.060000000000000000e+02 1.490000000000000000e+02
1.060000000000000000e+02 1.510000000000000000e+02
1.050000000000000000e+02 1.520000000000000000e+02
1.050000000000000000e+02 1.550000000000000000e+02
1.040000000000000000e+02 1.560000000000000000e+02
1.040000000000000000e+02 1.590000000000000000e+02
1.030000000000000000e+02 1.600000000000000000e+02
1.030000000000000000e+02 1.660000000000000000e+02
1.020000000000000000e+02 1.670000000000000000e+02
1.020000000000000000e+02 1.690000000000000000e+02
1.480000000000000000e+02 1.690000000000000000e+02
1.480000000000000000e+02 1.670000000000000000e+02
1.490000000000000000e+02 1.660000000000000000e+02
1.490000000000000000e+02 1.630000000000000000e+02
1.500000000000000000e+02 1.620000000000000000e+02
1.500000000000000000e+02 1.600000000000000000e+02
1.510000000000000000e+02 1.590000000000000000e+02
1.510000000000000000e+02 1.580000000000000000e+02
1.520000000000000000e+02 1.570000000000000000e+02
1.520000000000000000e+02 1.560000000000000000e+02
1.530000000000000000e+02 1.550000000000000000e+02
1.530000000000000000e+02 1.540000000000000000e+02
1.550000000000000000e+02 1.520000000000000000e+02
1.550000000000000000e+02 1.510000000000000000e+02
1.560000000000000000e+02 1.500000000000000000e+02
1.560000000000000000e+02 1.490000000000000000e+02
1.680000000000000000e+02 1.370000000000000000e+02
1.690000000000000000e+02 1.370000000000000000e+02
1.710000000000000000e+02 1.350000000000000000e+02
1.720000000000000000e+02 1.350000000000000000e+02
1.730000000000000000e+02 1.340000000000000000e+02
1.740000000000000000e+02 1.340000000000000000e+02
1.750000000000000000e+02 1.330000000000000000e+02
1.760000000000000000e+02 1.330000000000000000e+02
1.770000000000000000e+02 1.320000000000000000e+02
1.780000000000000000e+02 1.320000000000000000e+02
1.790000000000000000e+02 1.310000000000000000e+02
1.810000000000000000e+02 1.310000000000000000e+02
1.820000000000000000e+02 1.300000000000000000e+02
1.840000000000000000e+02 1.300000000000000000e+02
1.850000000000000000e+02 1.290000000000000000e+02
1.880000000000000000e+02 1.290000000000000000e+02
1.890000000000000000e+02 1.280000000000000000e+02
2.060000000000000000e+02 1.280000000000000000e+02
2.070000000000000000e+02 1.290000000000000000e+02
2.100000000000000000e+02 1.290000000000000000e+02
2.110000000000000000e+02 1.300000000000000000e+02
2.130000000000000000e+02 1.300000000000000000e+02
2.140000000000000000e+02 1.310000000000000000e+02
2.160000000000000000e+02 1.310000000000000000e+02
2.170000000000000000e+02 1.320000000000000000e+02
2.180000000000000000e+02 1.320000000000000000e+02
2.190000000000000000e+02 1.330000000000000000e+02
2.200000000000000000e+02 1.330000000000000000e+02
2.210000000000000000e+02 1.340000000000000000e+02
2.220000000000000000e+02 1.340000000000000000e+02
2.240000000000000000e+02 1.360000000000000000e+02
2.250000000000000000e+02 1.360000000000000000e+02
2.270000000000000000e+02 1.380000000000000000e+02
2.280000000000000000e+02 1.380000000000000000e+02
2.370000000000000000e+02 1.470000000000000000e+02
2.370000000000000000e+02 1.480000000000000000e+02
2.400000000000000000e+02 1.510000000000000000e+02
2.400000000000000000e+02 1.520000000000000000e+02
2.410000000000000000e+02 1.530000000000000000e+02
2.410000000000000000e+02 1.540000000000000000e+02
2.420000000000000000e+02 1.550000000000000000e+02
2.420000000000000000e+02 1.560000000000000000e+02
2.430000000000000000e+02 1.570000000000000000e+02
2.430000000000000000e+02 1.580000000000000000e+02
2.440000000000000000e+02 1.590000000000000000e+02
2.440000000000000000e+02 1.600000000000000000e+02
2.450000000000000000e+02 1.610000000000000000e+02
2.450000000000000000e+02 1.630000000000000000e+02
2.460000000000000000e+02 1.640000000000000000e+02
2.460000000000000000e+02 1.670000000000000000e+02
2.470000000000000000e+02 1.680000000000000000e+02
2.470000000000000000e+02 1.740000000000000000e+02
2.480000000000000000e+02 1.750000000000000000e+02
2.480000000000000000e+02 1.810000000000000000e+02
2.470000000000000000e+02 1.820000000000000000e+02
2.470000000000000000e+02 1.880000000000000000e+02
2.460000000000000000e+02 1.890000000000000000e+02
2.460000000000000000e+02 1.920000000000000000e+02
2.450000000000000000e+02 1.930000000000000000e+02
2.450000000000000000e+02 1.950000000000000000e+02
2.440000000000000000e+02 1.960000000000000000e+02
2.440000000000000000e+02 1.970000000000000000e+02
2.430000000000000000e+02 1.980000000000000000e+02
2.430000000000000000e+02 1.990000000000000000e+02
2.420000000000000000e+02 2.000000000000000000e+02
2.420000000000000000e+02 2.010000000000000000e+02
2.410000000000000000e+02 2.020000000000000000e+02
2.410000000000000000e+02 2.030000000000000000e+02
2.400000000000000000e+02 2.040000000000000000e+02
2.400000000000000000e+02 2.050000000000000000e+02
2.370000000000000000e+02 2.080000000000000000e+02
2.370000000000000000e+02 2.090000000000000000e+02
2.280000000000000000e+02 2.180000000000000000e+02
2.270000000000000000e+02 2.180000000000000000e+02
2.250000000000000000e+02 2.200000000000000000e+02
2.240000000000000000e+02 2.200000000000000000e+02
2.220000000000000000e+02 2.220000000000000000e+02
2.210000000000000000e+02 2.220000000000000000e+02
2.200000000000000000e+02 2.230000000000000000e+02
2.190000000000000000e+02 2.230000000000000000e+02
2.180000000000000000e+02 2.240000000000000000e+02
2.170000000000000000e+02 2.240000000000000000e+02
2.160000000000000000e+02 2.250000000000000000e+02
2.140000000000000000e+02 2.250000000000000000e+02
2.130000000000000000e+02 2.260000000000000000e+02
2.110000000000000000e+02 2.260000000000000000e+02
2.100000000000000000e+02 2.270000000000000000e+02
2.070000000000000000e+02 2.270000000000000000e+02
2.060000000000000000e+02 2.280000000000000000e+02
1.890000000000000000e+02 2.280000000000000000e+02
1.880000000000000000e+02 2.270000000000000000e+02
1.850000000000000000e+02 2.270000000000000000e+02
1.840000000000000000e+02 2.260000000000000000e+02
1.820000000000000000e+02 2.260000000000000000e+02
1.810000000000000000e+02 2.250000000000000000e+02
1.790000000000000000e+02 2.250000000000000000e+02
1.780000000000000000e+02 2.240000000000000000e+02
1.770000000000000000e+02 2.240000000000000000e+02
1.760000000000000000e+02 2.230000000000000000e+02
1.750000000000000000e+02 2.230000000000000000e+02
1.740000000000000000e+02 2.220000000000000000e+02
1.730000000000000000e+02 2.220000000000000000e+02
1.720000000000000000e+02 2.210000000000000000e+02
1.710000000000000000e+02 2.210000000000000000e+02
1.690000000000000000e+02 2.190000000000000000e+02
1.680000000000000000e+02 2.190000000000000000e+02
1.570000000000000000e+02 2.080000000000000000e+02
1.570000000000000000e+02 2.070000000000000000e+02
1.550000000000000000e+02 2.050000000000000000e+02
1.550000000000000000e+02 2.040000000000000000e+02
1.530000000000000000e+02 2.020000000000000000e+02
1.530000000000000000e+02 2.010000000000000000e+02
1.520000000000000000e+02 2.000000000000000000e+02
1.520000000000000000e+02 1.990000000000000000e+02
1.510000000000000000e+02 1.980000000000000000e+02
1.510000000000000000e+02 1.960000000000000000e+02
1.500000000000000000e+02 1.950000000000000000e+02
1.500000000000000000e+02 1.940000000000000000e+02
1.490000000000000000e+02 1.930000000000000000e+02
1.490000000000000000e+02 1.900000000000000000e+02
1.480000000000000000e+02 1.890000000000000000e+02
1.480000000000000000e+02 1.870000000000000000e+02
1.020000000000000000e+02 1.870000000000000000e+02
1.020000000000000000e+02 1.890000000000000000e+02
1.030000000000000000e+02 1.900000000000000000e+02
1.030000000000000000e+02 1.950000000000000000e+02
1.040000000000000000e+02 1.960000000000000000e+02
1.040000000000000000e+02 2.000000000000000000e+02
1.050000000000000000e+02 2.010000000000000000e+02
1.050000000000000000e+02 2.040000000000000000e+02
1.060000000000000000e+02 2.050000000000000000e+02
1.060000000000000000e+02 2.070000000000000000e+02
1.070000000000000000e+02 2.080000000000000000e+02
1.070000000000000000e+02 2.100000000000000000e+02
1.080000000000000000e+02 2.110000000000000000e+02
1.080000000000000000e+02 2.130000000000000000e+02
1.090000000000000000e+02 2.140000000000000000e+02
1.090000000000000000e+02 2.150000000000000000e+02
1.100000000000000000e+02 2.160000000000000000e+02
1.100000000000000000e+02 2.180000000000000000e+02
1.110000000000000000e+02 2.190000000000000000e+02
1.110000000000000000e+02 2.200000000000000000e+02
1.120000000000000000e+02 2.210000000000000000e+02
1.120000000000000000e+02 2.220000000000000000e+02
1.130000000000000000e+02 2.230000000000000000e+02
1.130000000000000000e+02 2.240000000000000000e+02
1.150000000000000000e+02 2.260000000000000000e+02
1.150000000000000000e+02 2.270000000000000000e+02
1.160000000000000000e+02 2.280000000000000000e+02
1.160000000000000000e+02 2.290000000000000000e+02
1.180000000000000000e+02 2.310000000000000000e+02
1.180000000000000000e+02 2.320000000000000000e+02
1.200000000000000000e+02 2.340000000000000000e+02
1.200000000000000000e+02 2.350000000000000000e+02
1.240000000000000000e+02 2.390000000000000000e+02
1.240000000000000000e+02 2.400000000000000000e+02
1.360000000000000000e+02 2.520000000000000000e+02
1.370000000000000000e+02 2.520000000000000000e+02
1.400000000000000000e+02 2.550000000000000000e+02
1.410000000000000000e+02 2.550000000000000000e+02
1.430000000000000000e+02 2.570000000000000000e+02
1.440000000000000000e+02 2.570000000000000000e+02
1.460000000000000000e+02 2.590000000000000000e+02
1.470000000000000000e+02 2.590000000000000000e+02
1.490000000000000000e+02 2.610000000000000000e+02
1.500000000000000000e+02 2.610000000000000000e+02
1.510000000000000000e+02 2.620000000000000000e+02
1.520000000000000000e+02 2.620000000000000000e+02
1.530000000000000000e+02 2.630000000000000000e+02
1.540000000000000000e+02 2.630000000000000000e+02
1.550000000000000000e+02 2.640000000000000000e+02
1.560000000000000000e+02 2.640000000000000000e+02
1.570000000000000000e+02 2.650000000000000000e+02
1.580000000000000000e+02 2.650000000000000000e+02
1.590000000000000000e+02 2.660000000000000000e+02
1.610000000000000000e+02 2.660000000000000000e+02
1.620000000000000000e+02 2.670000000000000000e+02
1.630000000000000000e+02 2.670000000000000000e+02
1.640000000000000000e+02 2.680000000000000000e+02
1.660000000000000000e+02 2.680000000000000000e+02
1.670000000000000000e+02 2.690000000000000000e+02
1.690000000000000000e+02 2.690000000000000000e+02
1.700000000000000000e+02 2.700000000000000000e+02
1.730000000000000000e+02 2.700000000000000000e+02
1.740000000000000000e+02 2.710000000000000000e+02
1.770000000000000000e+02 2.710000000000000000e+02
1.780000000000000000e+02 2.720000000000000000e+02
1.830000000000000000e+02 2.720000000000000000e+02
1.840000000000000000e+02 2.730000000000000000e+02
1.960000000000000000e+02 2.730000000000000000e+02
1.970000000000000000e+02 2.740000000000000000e+02
1.980000000000000000e+02 2.730000000000000000e+02
2.110000000000000000e+02 2.730000000000000000e+02
2.120000000000000000e+02 2.720000000000000000e+02
2.170000000000000000e+02 2.720000000000000000e+02
2.180000000000000000e+02 2.710000000000000000e+02
2.210000000000000000e+02 2.710000000000000000e+02
2.220000000000000000e+02 2.700000000000000000e+02
2.240000000000000000e+02 2.700000000000000000e+02
2.250000000000000000e+02 2.690000000000000000e+02
2.280000000000000000e+02 2.690000000000000000e+02
2.290000000000000000e+02 2.680000000000000000e+02
2.300000000000000000e+02 2.680000000000000000e+02
2.310000000000000000e+02 2.670000000000000000e+02
2.330000000000000000e+02 2.670000000000000000e+02
2.340000000000000000e+02 2.660000000000000000e+02
2.350000000000000000e+02 2.660000000000000000e+02
2.360000000000000000e+02 2.650000000000000000e+02
2.380000000000000000e+02 2.650000000000000000e+02
2.390000000000000000e+02 2.640000000000000000e+02
2.400000000000000000e+02 2.640000000000000000e+02
2.410000000000000000e+02 2.630000000000000000e+02
2.420000000000000000e+02 2.630000000000000000e+02
2.440000000000000000e+02 2.610000000000000000e+02
2.450000000000000000e+02 2.610000000000000000e+02
2.460000000000000000e+02 2.600000000000000000e+02
2.470000000000000000e+02 2.600000000000000000e+02
2.480000000000000000e+02 2.590000000000000000e+02
2.490000000000000000e+02 2.590000000000000000e+02
2.510000000000000000e+02 2.570000000000000000e+02
2.520000000000000000e+02 2.570000000000000000e+02
2.550000000000000000e+02 2.540000000000000000e+02
2.560000000000000000e+02 2.540000000000000000e+02
2.610000000000000000e+02 2.490000000000000000e+02
2.620000000000000000e+02 2.490000000000000000e+02
2.690000000000000000e+02 2.420000000000000000e+02
2.690000000000000000e+02 2.410000000000000000e+02
2.730000000000000000e+02 2.370000000000000000e+02
2.730000000000000000e+02 2.360000000000000000e+02
2.760000000000000000e+02 2.330000000000000000e+02
2.760000000000000000e+02 2.320000000000000000e+02
2.780000000000000000e+02 2.300000000000000000e+02
2.780000000000000000e+02 2.290000000000000000e+02
2.790000000000000000e+02 2.280000000000000000e+02
2.790000000000000000e+02 2.270000000000000000e+02
2.810000000000000000e+02 2.250000000000000000e+02
2.810000000000000000e+02 2.240000000000000000e+02
2.820000000000000000e+02 2.230000000000000000e+02
2.820000000000000000e+02 2.220000000000000000e+02
2.830000000000000000e+02 2.210000000000000000e+02
2.830000000000000000e+02 2.200000000000000000e+02
2.840000000000000000e+02 2.190000000000000000e+02
2.840000000000000000e+02 2.180000000000000000e+02
2.850000000000000000e+02 2.170000000000000000e+02
2.850000000000000000e+02 2.150000000000000000e+02
2.860000000000000000e+02 2.140000000000000000e+02
2.860000000000000000e+02 2.130000000000000000e+02
2.870000000000000000e+02 2.120000000000000000e+02
2.870000000000000000e+02 2.100000000000000000e+02
2.880000000000000000e+02 2.090000000000000000e+02
2.880000000000000000e+02 2.070000000000000000e+02
2.890000000000000000e+02 2.060000000000000000e+02
2.890000000000000000e+02 2.030000000000000000e+02
2.900000000000000000e+02 2.020000000000000000e+02
2.900000000000000000e+02 1.990000000000000000e+02
2.910000000000000000e+02 1.980000000000000000e+02
2.910000000000000000e+02 1.940000000000000000e+02
2.920000000000000000e+02 1.930000000000000000e+02
2.920000000000000000e+02 1.920000000000000000e+02
2.710000000000000000e+02 1.920000000000000000e+02
2.710000000000000000e+02 1.940000000000000000e+02
2.700000000000000000e+02 1.950000000000000000e+02
2.700000000000000000e+02 1.980000000000000000e+02
2.690000000000000000e+02 1.990000000000000000e+02
2.690000000000000000e+02 2.010000000000000000e+02
2.680000000000000000e+02 2.020000000000000000e+02
2.680000000000000000e+02 2.040000000000000000e+02
2.670000000000000000e+02 2.050000000000000000e+02
2.670000000000000000e+02 2.060000000000000000e+02
2.660000000000000000e+02 2.070000000000000000e+02
2.660000000000000000e+02 2.080000000000000000e+02
2.650000000000000000e+02 2.090000000000000000e+02
2.650000000000000000e+02 2.110000000000000000e+02
2.630000000000000000e+02 2.130000000000000000e+02
2.630000000000000000e+02 2.140000000000000000e+02
2.620000000000000000e+02 2.150000000000000000e+02
2.620000000000000000e+02 2.160000000000000000e+02
2.610000000000000000e+02 2.170000000000000000e+02
2.610000000000000000e+02 2.180000000000000000e+02
2.590000000000000000e+02 2.200000000000000000e+02
2.590000000000000000e+02 2.210000000000000000e+02
2.550000000000000000e+02 2.250000000000000000e+02
2.550000000000000000e+02 2.260000000000000000e+02
2.450000000000000000e+02 2.360000000000000000e+02
2.440000000000000000e+02 2.360000000000000000e+02
2.400000000000000000e+02 2.400000000000000000e+02
2.390000000000000000e+02 2.400000000000000000e+02
2.380000000000000000e+02 2.410000000000000000e+02
2.370000000000000000e+02 2.410000000000000000e+02
2.350000000000000000e+02 2.430000000000000000e+02
2.340000000000000000e+02 2.430000000000000000e+02
2.330000000000000000e+02 2.440000000000000000e+02
2.320000000000000000e+02 2.440000000000000000e+02
2.310000000000000000e+02 2.450000000000000000e+02
2.300000000000000000e+02 2.450000000000000000e+02
2.290000000000000000e+02 2.460000000000000000e+02
2.280000000000000000e+02 2.460000000000000000e+02
2.270000000000000000e+02 2.470000000000000000e+02
2.260000000000000000e+02 2.470000000000000000e+02
2.250000000000000000e+02 2.480000000000000000e+02
2.230000000000000000e+02 2.480000000000000000e+02
2.220000000000000000e+02 2.490000000000000000e+02
2.200000000000000000e+02 2.490000000000000000e+02
2.190000000000000000e+02 2.500000000000000000e+02
2.170000000000000000e+02 2.500000000000000000e+02
2.160000000000000000e+02 2.510000000000000000e+02
2.130000000000000000e+02 2.510000000000000000e+02
2.120000000000000000e+02 2.520000000000000000e+02
2.070000000000000000e+02 2.520000000000000000e+02
2.060000000000000000e+02 2.530000000000000000e+02
1.890000000000000000e+02 2.530000000000000000e+02
1.880000000000000000e+02 2.520000000000000000e+02
1.830000000000000000e+02 2.520000000000000000e+02
1.820000000000000000e+02 2.510000000000000000e+02
1.790000000000000000e+02 2.510000000000000000e+02
1.780000000000000000e+02 2.500000000000000000e+02
1.750000000000000000e+02 2.500000000000000000e+02
1.740000000000000000e+02 2.490000000000000000e+02
1.720000000000000000e+02 2.490000000000000000e+02
1.710000000000000000e+02 2.480000000000000000e+02
1.700000000000000000e+02 2.480000000000000000e+02
1.690000000000000000e+02 2.470000000000000000e+02
1.680000000000000000e+02 2.470000000000000000e+02
1.670000000000000000e+02 2.460000000000000000e+02
1.650000000000000000e+02 2.460000000000000000e+02
1.630000000000000000e+02 2.440000000000000000e+02
1.620000000000000000e+02 2.440000000000000000e+02
1.610000000000000000e+02 2.430000000000000000e+02
1.600000000000000000e+02 2.430000000000000000e+02
1.590000000000000000e+02 2.420000000000000000e+02
1.580000000000000000e+02 2.420000000000000000e+02
1.560000000000000000e+02 2.400000000000000000e+02
1.550000000000000000e+02 2.400000000000000000e+02
1.520000000000000000e+02 2.370000000000000000e+02
1.510000000000000000e+02 2.370000000000000000e+02
1.380000000000000000e+02 2.240000000000000000e+02
1.380000000000000000e+02 2.230000000000000000e+02
1.350000000000000000e+02 2.200000000000000000e+02
1.350000000000000000e+02 2.190000000000000000e+02
1.340000000000000000e+02 2.180000000000000000e+02
1.340000000000000000e+02 2.170000000000000000e+02
1.320000000000000000e+02 2.150000000000000000e+02
1.320000000000000000e+02 2.140000000000000000e+02
1.310000000000000000e+02 2.130000000000000000e+02
1.310000000000000000e+02 2.120000000000000000e+02
1.300000000000000000e+02 2.110000000000000000e+02
1.300000000000000000e+02 2.100000000000000000e+02
1.290000000000000000e+02 2.090000000000000000e+02
1.290000000000000000e+02 2.080000000000000000e+02
1.280000000000000000e+02 2.070000000000000000e+02
1.280000000000000000e+02 2.060000000000000000e+02
1.290000000000000000e+02 2.050000000000000000e+02
1.390000000000000000e+02 2.050000000000000000e+02
1.400000000000000000e+02 2.060000000000000000e+02
1.400000000000000000e+02 2.070000000000000000e+02
1.410000000000000000e+02 2.080000000000000000e+02
1.410000000000000000e+02 2.090000000000000000e+02
1.420000000000000000e+02 2.100000000000000000e+02
1.420000000000000000e+02 2.110000000000000000e+02
1.440000000000000000e+02 2.130000000000000000e+02
1.440000000000000000e+02 2.140000000000000000e+02
1.460000000000000000e+02 2.160000000000000000e+02
1.460000000000000000e+02 2.170000000000000000e+02
1.580000000000000000e+02 2.290000000000000000e+02
1.590000000000000000e+02 2.290000000000000000e+02
1.620000000000000000e+02 2.320000000000000000e+02
1.630000000000000000e+02 2.320000000000000000e+02
1.640000000000000000e+02 2.330000000000000000e+02
1.650000000000000000e+02 2.330000000000000000e+02
1.660000000000000000e+02 2.340000000000000000e+02
1.670000000000000000e+02 2.340000000000000000e+02
1.680000000000000000e+02 2.350000000000000000e+02
1.690000000000000000e+02 2.350000000000000000e+02
1.700000000000000000e+02 2.360000000000000000e+02
1.710000000000000000e+02 2.360000000000000000e+02
1.720000000000000000e+02 2.370000000000000000e+02
1.730000000000000000e+02 2.370000000000000000e+02
1.740000000000000000e+02 2.380000000000000000e+02
1.760000000000000000e+02 2.380000000000000000e+02
1.770000000000000000e+02 2.390000000000000000e+02
1.790000000000000000e+02 2.390000000000000000e+02
1.800000000000000000e+02 2.400000000000000000e+02
1.830000000000000000e+02 2.400000000000000000e+02
1.840000000000000000e+02 2.410000000000000000e+02
1.890000000000000000e+02 2.410000000000000000e+02
1.900000000000000000e+02 2.420000000000000000e+02
2.050000000000000000e+02 2.420000000000000000e+02
2.060000000000000000e+02 2.410000000000000000e+02
2.110000000000000000e+02 2.410000000000000000e+02
2.120000000000000000e+02 2.400000000000000000e+02
2.150000000000000000e+02 2.400000000000000000e+02
2.160000000000000000e+02 2.390000000000000000e+02
2.180000000000000000e+02 2.390000000000000000e+02
2.190000000000000000e+02 2.380000000000000000e+02
2.210000000000000000e+02 2.380000000000000000e+02
2.220000000000000000e+02 2.370000000000000000e+02
2.230000000000000000e+02 2.370000000000000000e+02
2.240000000000000000e+02 2.360000000000000000e+02
2.250000000000000000e+02 2.360000000000000000e+02
2.260000000000000000e+02 2.350000000000000000e+02
2.270000000000000000e+02 2.350000000000000000e+02
2.280000000000000000e+02 2.340000000000000000e+02
2.290000000000000000e+02 2.340000000000000000e+02
2.300000000000000000e+02 2.330000000000000000e+02
2.310000000000000000e+02 2.330000000000000000e+02
2.330000000000000000e+02 2.310000000000000000e+02
2.340000000000000000e+02 2.310000000000000000e+02
2.370000000000000000e+02 2.280000000000000000e+02
2.380000000000000000e+02 2.280000000000000000e+02
2.480000000000000000e+02 2.180000000000000000e+02
2.480000000000000000e+02 2.170000000000000000e+02
2.510000000000000000e+02 2.140000000000000000e+02
2.510000000000000000e+02 2.130000000000000000e+02
2.520000000000000000e+02 2.120000000000000000e+02
2.520000000000000000e+02 2.110000000000000000e+02
2.540000000000000000e+02 2.090000000000000000e+02
2.540000000000000000e+02 2.080000000000000000e+02
2.550000000000000000e+02 2.070000000000000000e+02
2.550000000000000000e+02 2.060000000000000000e+02
2.560000000000000000e+02 2.050000000000000000e+02
2.560000000000000000e+02 2.030000000000000000e+02
2.570000000000000000e+02 2.020000000000000000e+02
2.570000000000000000e+02 2.010000000000000000e+02
2.580000000000000000e+02 2.000000000000000000e+02
2.580000000000000000e+02 1.980000000000000000e+02
2.590000000000000000e+02 1.970000000000000000e+02
2.590000000000000000e+02 1.940000000000000000e+02
2.600000000000000000e+02 1.930000000000000000e+02
2.600000000000000000e+02 1.890000000000000000e+02
2.610000000000000000e+02 1.880000000000000000e+02
2.610000000000000000e+02 1.680000000000000000e+02
2.600000000000000000e+02 1.670000000000000000e+02
2.600000000000000000e+02 1.630000000000000000e+02
2.590000000000000000e+02 1.620000000000000000e+02
2.590000000000000000e+02 1.590000000000000000e+02
2.580000000000000000e+02 1.580000000000000000e+02
2.580000000000000000e+02 1.560000000000000000e+02
2.570000000000000000e+02 1.550000000000000000e+02
2.570000000000000000e+02 1.540000000000000000e+02
2.560000000000000000e+02 1.530000000000000000e+02
2.560000000000000000e+02 1.520000000000000000e+02
2.550000000000000000e+02 1.510000000000000000e+02
2.550000000000000000e+02 1.490000000000000000e+02
2.540000000000000000e+02 1.480000000000000000e+02
2.540000000000000000e+02 1.470000000000000000e+02
2.520000000000000000e+02 1.450000000000000000e+02
2.520000000000000000e+02 1.440000000000000000e+02
2.510000000000000000e+02 1.430000000000000000e+02
2.510000000000000000e+02 1.420000000000000000e+02
2.480000000000000000e+02 1.390000000000000000e+02
2.480000000000000000e+02 1.380000000000000000e+02
2.370000000000000000e+02 1.270000000000000000e+02
2.360000000000000000e+02 1.270000000000000000e+02
2.340000000000000000e+02 1.250000000000000000e+02
2.330000000000000000e+02 1.250000000000000000e+02
2.310000000000000000e+02 1.230000000000000000e+02
2.300000000000000000e+02 1.230000000000000000e+02
2.290000000000000000e+02 1.220000000000000000e+02
2.280000000000000000e+02 1.220000000000000000e+02
2.270000000000000000e+02 1.210000000000000000e+02
2.260000000000000000e+02 1.210000000000000000e+02
2.250000000000000000e+02 1.200000000000000000e+02
2.240000000000000000e+02 1.200000000000000000e+02
2.230000000000000000e+02 1.190000000000000000e+02
2.220000000000000000e+02 1.190000000000000000e+02
2.210000000000000000e+02 1.180000000000000000e+02
2.190000000000000000e+02 1.180000000000000000e+02
2.180000000000000000e+02 1.170000000000000000e+02
2.160000000000000000e+02 1.170000000000000000e+02
2.150000000000000000e+02 1.160000000000000000e+02
2.120000000000000000e+02 1.160000000000000000e+02
2.110000000000000000e+02 1.150000000000000000e+02
2.060000000000000000e+02 1.150000000000000000e+02
2.050000000000000000e+02 1.140000000000000000e+02
1.900000000000000000e+02 1.140000000000000000e+02
1.890000000000000000e+02 1.150000000000000000e+02
1.840000000000000000e+02 1.150000000000000000e+02
1.830000000000000000e+02 1.160000000000000000e+02
1.800000000000000000e+02 1.160000000000000000e+02
1.790000000000000000e+02 1.170000000000000000e+02
1.770000000000000000e+02 1.170000000000000000e+02
1.760000000000000000e+02 1.180000000000000000e+02
1.740000000000000000e+02 1.180000000000000000e+02
1.730000000000000000e+02 1.190000000000000000e+02
1.720000000000000000e+02 1.190000000000000000e+02
1.710000000000000000e+02 1.200000000000000000e+02
1.690000000000000000e+02 1.200000000000000000e+02
1.670000000000000000e+02 1.220000000000000000e+02
1.660000000000000000e+02 1.220000000000000000e+02
1.650000000000000000e+02 1.230000000000000000e+02
1.640000000000000000e+02 1.230000000000000000e+02
1.630000000000000000e+02 1.240000000000000000e+02
1.620000000000000000e+02 1.240000000000000000e+02
1.590000000000000000e+02 1.270000000000000000e+02
1.580000000000000000e+02 1.270000000000000000e+02
1.530000000000000000e+02 1.320000000000000000e+02
1.520000000000000000e+02 1.320000000000000000e+02
1.520000000000000000e+02 1.330000000000000000e+02
1.460000000000000000e+02 1.390000000000000000e+02
1.460000000000000000e+02 1.400000000000000000e+02
1.440000000000000000e+02 1.420000000000000000e+02
1.440000000000000000e+02 1.430000000000000000e+02
1.420000000000000000e+02 1.450000000000000000e+02
1.420000000000000000e+02 1.460000000000000000e+02
1.410000000000000000e+02 1.470000000000000000e+02
1.410000000000000000e+02 1.480000000000000000e+02
1.400000000000000000e+02 1.490000000000000000e+02
1.400000000000000000e+02 1.500000000000000000e+02
1.390000000000000000e+02 1.510000000000000000e+02
1.290000000000000000e+02 1.510000000000000000e+02
1.280000000000000000e+02 1.500000000000000000e+02
1.280000000000000000e+02 1.490000000000000000e+02
1.290000000000000000e+02 1.480000000000000000e+02
1.290000000000000000e+02 1.470000000000000000e+02
1.300000000000000000e+02 1.460000000000000000e+02
1.300000000000000000e+02 1.450000000000000000e+02
1.310000000000000000e+02 1.440000000000000000e+02
1.310000000000000000e+02 1.430000000000000000e+02
1.320000000000000000e+02 1.420000000000000000e+02
1.320000000000000000e+02 1.410000000000000000e+02
1.330000000000000000e+02 1.400000000000000000e+02
1.330000000000000000e+02 1.390000000000000000e+02
1.350000000000000000e+02 1.370000000000000000e+02
1.350000000000000000e+02 1.360000000000000000e+02
1.380000000000000000e+02 1.330000000000000000e+02
1.380000000000000000e+02 1.320000000000000000e+02
1.520000000000000000e+02 1.180000000000000000e+02
1.530000000000000000e+02 1.180000000000000000e+02
1.550000000000000000e+02 1.160000000000000000e+02
1.560000000000000000e+02 1.160000000000000000e+02
1.580000000000000000e+02 1.140000000000000000e+02
1.590000000000000000e+02 1.140000000000000000e+02
1.600000000000000000e+02 1.130000000000000000e+02
1.610000000000000000e+02 1.130000000000000000e+02
1.630000000000000000e+02 1.110000000000000000e+02
1.640000000000000000e+02 1.110000000000000000e+02
1.650000000000000000e+02 1.100000000000000000e+02
1.660000000000000000e+02 1.100000000000000000e+02
1.670000000000000000e+02 1.090000000000000000e+02
1.690000000000000000e+02 1.090000000000000000e+02
1.700000000000000000e+02 1.080000000000000000e+02
1.710000000000000000e+02 1.080000000000000000e+02
1.720000000000000000e+02 1.070000000000000000e+02
1.740000000000000000e+02 1.070000000000000000e+02
1.750000000000000000e+02 1.060000000000000000e+02
1.780000000000000000e+02 1.060000000000000000e+02
1.790000000000000000e+02 1.050000000000000000e+02
1.820000000000000000e+02 1.050000000000000000e+02
1.830000000000000000e+02 1.040000000000000000e+02
1.870000000000000000e+02 1.040000000000000000e+02
1.880000000000000000e+02 1.030000000000000000e+02
2.060000000000000000e+02 1.030000000000000000e+02
2.070000000000000000e+02 1.040000000000000000e+02
2.120000000000000000e+02 1.040000000000000000e+02
2.130000000000000000e+02 1.050000000000000000e+02
2.160000000000000000e+02 1.050000000000000000e+02
2.170000000000000000e+02 1.060000000000000000e+02
2.190000000000000000e+02 1.060000000000000000e+02
2.200000000000000000e+02 1.070000000000000000e+02
2.220000000000000000e+02 1.070000000000000000e+02
2.230000000000000000e+02 1.080000000000000000e+02
2.250000000000000000e+02 1.080000000000000000e+02
2.260000000000000000e+02 1.090000000000000000e+02
2.270000000000000000e+02 1.090000000000000000e+02
2.280000000000000000e+02 1.100000000000000000e+02
2.290000000000000000e+02 1.100000000000000000e+02
2.300000000000000000e+02 1.110000000000000000e+02
2.310000000000000000e+02 1.110000000000000000e+02
2.320000000000000000e+02 1.120000000000000000e+02
2.330000000000000000e+02 1.120000000000000000e+02
2.340000000000000000e+02 1.130000000000000000e+02
2.350000000000000000e+02 1.130000000000000000e+02
2.370000000000000000e+02 1.150000000000000000e+02
2.380000000000000000e+02 1.150000000000000000e+02
2.390000000000000000e+02 1.160000000000000000e+02
2.400000000000000000e+02 1.160000000000000000e+02
2.430000000000000000e+02 1.190000000000000000e+02
2.440000000000000000e+02 1.190000000000000000e+02
2.560000000000000000e+02 1.310000000000000000e+02
2.560000000000000000e+02 1.320000000000000000e+02
2.590000000000000000e+02 1.350000000000000000e+02
2.590000000000000000e+02 1.360000000000000000e+02
2.610000000000000000e+02 1.380000000000000000e+02
2.610000000000000000e+02 1.390000000000000000e+02
2.620000000000000000e+02 1.400000000000000000e+02
2.620000000000000000e+02 1.410000000000000000e+02
2.640000000000000000e+02 1.430000000000000000e+02
2.640000000000000000e+02 1.440000000000000000e+02
2.650000000000000000e+02 1.450000000000000000e+02
2.650000000000000000e+02 1.460000000000000000e+02
2.660000000000000000e+02 1.470000000000000000e+02
2.660000000000000000e+02 1.490000000000000000e+02
2.670000000000000000e+02 1.500000000000000000e+02
2.670000000000000000e+02 1.510000000000000000e+02
2.680000000000000000e+02 1.520000000000000000e+02
2.680000000000000000e+02 1.540000000000000000e+02
2.690000000000000000e+02 1.550000000000000000e+02
2.690000000000000000e+02 1.570000000000000000e+02
2.700000000000000000e+02 1.580000000000000000e+02
2.700000000000000000e+02 1.610000000000000000e+02
2.710000000000000000e+02 1.620000000000000000e+02
2.710000000000000000e+02 1.640000000000000000e+02
3.640000000000000000e+02 1.640000000000000000e+02
3.640000000000000000e+02 1.620000000000000000e+02
3.650000000000000000e+02 1.610000000000000000e+02
3.650000000000000000e+02 1.580000000000000000e+02
3.660000000000000000e+02 1.570000000000000000e+02
3.660000000000000000e+02 1.550000000000000000e+02
3.670000000000000000e+02 1.540000000000000000e+02
3.670000000000000000e+02 1.520000000000000000e+02
3.680000000000000000e+02 1.510000000000000000e+02
3.680000000000000000e+02 1.500000000000000000e+02
3.690000000000000000e+02 1.490000000000000000e+02
3.690000000000000000e+02 1.470000000000000000e+02
3.700000000000000000e+02 1.460000000000000000e+02
3.700000000000000000e+02 1.450000000000000000e+02
3.710000000000000000e+02 1.440000000000000000e+02
3.710000000000000000e+02 1.430000000000000000e+02
3.730000000000000000e+02 1.410000000000000000e+02
3.730000000000000000e+02 1.400000000000000000e+02
3.740000000000000000e+02 1.390000000000000000e+02
3.740000000000000000e+02 1.380000000000000000e+02
3.760000000000000000e+02 1.360000000000000000e+02
3.760000000000000000e+02 1.350000000000000000e+02
3.790000000000000000e+02 1.320000000000000000e+02
3.790000000000000000e+02 1.310000000000000000e+02
3.910000000000000000e+02 1.190000000000000000e+02
3.920000000000000000e+02 1.190000000000000000e+02
3.950000000000000000e+02 1.160000000000000000e+02
3.960000000000000000e+02 1.160000000000000000e+02
3.970000000000000000e+02 1.150000000000000000e+02
3.980000000000000000e+02 1.150000000000000000e+02
4.000000000000000000e+02 1.130000000000000000e+02
4.010000000000000000e+02 1.130000000000000000e+02
4.020000000000000000e+02 1.120000000000000000e+02
4.030000000000000000e+02 1.120000000000000000e+02
4.040000000000000000e+02 1.110000000000000000e+02
4.050000000000000000e+02 1.110000000000000000e+02
4.060000000000000000e+02 1.100000000000000000e+02
4.070000000000000000e+02 1.100000000000000000e+02
4.080000000000000000e+02 1.090000000000000000e+02
4.090000000000000000e+02 1.090000000000000000e+02
4.100000000000000000e+02 1.080000000000000000e+02
4.120000000000000000e+02 1.080000000000000000e+02
4.130000000000000000e+02 1.070000000000000000e+02
4.150000000000000000e+02 1.070000000000000000e+02
4.160000000000000000e+02 1.060000000000000000e+02
4.180000000000000000e+02 1.060000000000000000e+02
4.190000000000000000e+02 1.050000000000000000e+02
4.220000000000000000e+02 1.050000000000000000e+02
4.230000000000000000e+02 1.040000000000000000e+02
4.280000000000000000e+02 1.040000000000000000e+02
4.290000000000000000e+02 1.030000000000000000e+02
4.470000000000000000e+02 1.030000000000000000e+02
4.480000000000000000e+02 1.040000000000000000e+02
4.520000000000000000e+02 1.040000000000000000e+02
4.530000000000000000e+02 1.050000000000000000e+02
4.560000000000000000e+02 1.050000000000000000e+02
4.570000000000000000e+02 1.060000000000000000e+02
4.600000000000000000e+02 1.060000000000000000e+02
4.610000000000000000e+02 1.070000000000000000e+02
4.630000000000000000e+02 1.070000000000000000e+02
4.640000000000000000e+02 1.080000000000000000e+02
4.650000000000000000e+02 1.080000000000000000e+02
4.660000000000000000e+02 1.090000000000000000e+02
4.670000000000000000e+02 1.090000000000000000e+02
4.680000000000000000e+02 1.100000000000000000e+02
4.700000000000000000e+02 1.100000000000000000e+02
4.710000000000000000e+02 1.110000000000000000e+02
4.720000000000000000e+02 1.110000000000000000e+02
4.740000000000000000e+02 1.130000000000000000e+02
4.750000000000000000e+02 1.130000000000000000e+02
4.760000000000000000e+02 1.140000000000000000e+02
4.770000000000000000e+02 1.140000000000000000e+02
4.790000000000000000e+02 1.160000000000000000e+02
4.800000000000000000e+02 1.160000000000000000e+02
4.830000000000000000e+02 1.190000000000000000e+02
4.840000000000000000e+02 1.190000000000000000e+02
4.970000000000000000e+02 1.320000000000000000e+02
4.970000000000000000e+02 1.330000000000000000e+02
5.000000000000000000e+02 1.360000000000000000e+02
5.000000000000000000e+02 1.370000000000000000e+02
5.010000000000000000e+02 1.380000000000000000e+02
5.010000000000000000e+02 1.390000000000000000e+02
5.030000000000000000e+02 1.410000000000000000e+02
5.030000000000000000e+02 1.420000000000000000e+02
5.040000000000000000e+02 1.430000000000000000e+02
5.040000000000000000e+02 1.440000000000000000e+02
5.050000000000000000e+02 1.450000000000000000e+02
5.050000000000000000e+02 1.460000000000000000e+02
5.060000000000000000e+02 1.470000000000000000e+02
5.060000000000000000e+02 1.480000000000000000e+02
5.070000000000000000e+02 1.490000000000000000e+02
5.070000000000000000e+02 1.500000000000000000e+02
5.060000000000000000e+02 1.510000000000000000e+02
4.960000000000000000e+02 1.510000000000000000e+02
4.950000000000000000e+02 1.500000000000000000e+02
4.950000000000000000e+02 1.490000000000000000e+02
4.940000000000000000e+02 1.480000000000000000e+02
4.940000000000000000e+02 1.470000000000000000e+02
4.930000000000000000e+02 1.460000000000000000e+02
4.930000000000000000e+02 1.450000000000000000e+02
4.910000000000000000e+02 1.430000000000000000e+02
4.910000000000000000e+02 1.420000000000000000e+02
4.890000000000000000e+02 1.400000000000000000e+02
4.890000000000000000e+02 1.390000000000000000e+02
4.830000000000000000e+02 1.330000000000000000e+02
4.830000000000000000e+02 1.320000000000000000e+02
4.820000000000000000e+02 1.320000000000000000e+02
4.760000000000000000e+02 1.260000000000000000e+02
4.750000000000000000e+02 1.260000000000000000e+02
4.730000000000000000e+02 1.240000000000000000e+02
4.720000000000000000e+02 1.240000000000000000e+02
4.710000000000000000e+02 1.230000000000000000e+02
4.700000000000000000e+02 1.230000000000000000e+02
4.680000000000000000e+02 1.210000000000000000e+02
4.670000000000000000e+02 1.210000000000000000e+02
4.660000000000000000e+02 1.200000000000000000e+02
4.640000000000000000e+02 1.200000000000000000e+02
4.630000000000000000e+02 1.190000000000000000e+02
4.620000000000000000e+02 1.190000000000000000e+02
4.610000000000000000e+02 1.180000000000000000e+02
4.590000000000000000e+02 1.180000000000000000e+02
4.580000000000000000e+02 1.170000000000000000e+02
4.560000000000000000e+02 1.170000000000000000e+02
4.550000000000000000e+02 1.160000000000000000e+02
4.520000000000000000e+02 1.160000000000000000e+02
4.510000000000000000e+02 1.150000000000000000e+02
4.460000000000000000e+02 1.150000000000000000e+02
4.450000000000000000e+02 1.140000000000000000e+02
4.300000000000000000e+02 1.140000000000000000e+02
4.290000000000000000e+02 1.150000000000000000e+02
4.240000000000000000e+02 1.150000000000000000e+02
4.230000000000000000e+02 1.160000000000000000e+02
4.200000000000000000e+02 1.160000000000000000e+02
4.190000000000000000e+02 1.170000000000000000e+02
4.170000000000000000e+02 1.170000000000000000e+02
4.160000000000000000e+02 1.180000000000000000e+02
4.140000000000000000e+02 1.180000000000000000e+02
4.130000000000000000e+02 1.190000000000000000e+02
4.120000000000000000e+02 1.190000000000000000e+02
4.110000000000000000e+02 1.200000000000000000e+02
4.100000000000000000e+02 1.200000000000000000e+02
4.090000000000000000e+02 1.210000000000000000e+02
4.080000000000000000e+02 1.210000000000000000e+02
4.070000000000000000e+02 1.220000000000000000e+02
4.060000000000000000e+02 1.220000000000000000e+02
4.050000000000000000e+02 1.230000000000000000e+02
4.040000000000000000e+02 1.230000000000000000e+02
4.020000000000000000e+02 1.250000000000000000e+02
4.010000000000000000e+02 1.250000000000000000e+02
3.990000000000000000e+02 1.270000000000000000e+02
3.980000000000000000e+02 1.270000000000000000e+02
3.870000000000000000e+02 1.380000000000000000e+02
3.870000000000000000e+02 1.390000000000000000e+02
3.840000000000000000e+02 1.420000000000000000e+02
3.840000000000000000e+02 1.430000000000000000e+02
3.830000000000000000e+02 1.440000000000000000e+02
3.830000000000000000e+02 1.450000000000000000e+02
3.810000000000000000e+02 1.470000000000000000e+02
3.810000000000000000e+02 1.480000000000000000e+02
3.800000000000000000e+02 1.490000000000000000e+02
3.800000000000000000e+02 1.500000000000000000e+02
3.790000000000000000e+02 1.510000000000000000e+02
3.790000000000000000e+02 1.530000000000000000e+02
3.780000000000000000e+02 1.540000000000000000e+02
3.780000000000000000e+02 1.550000000000000000e+02
3.770000000000000000e+02 1.560000000000000000e+02
3.770000000000000000e+02 1.580000000000000000e+02
3.760000000000000000e+02 1.590000000000000000e+02
3.760000000000000000e+02 1.620000000000000000e+02
3.750000000000000000e+02 1.630000000000000000e+02
3.750000000000000000e+02 1.670000000000000000e+02
3.740000000000000000e+02 1.680000000000000000e+02
3.740000000000000000e+02 1.880000000000000000e+02
3.750000000000000000e+02 1.890000000000000000e+02
3.750000000000000000e+02 1.930000000000000000e+02
3.760000000000000000e+02 1.940000000000000000e+02
3.760000000000000000e+02 1.970000000000000000e+02
3.770000000000000000e+02 1.980000000000000000e+02
3.770000000000000000e+02 2.000000000000000000e+02
3.780000000000000000e+02 2.010000000000000000e+02
3.780000000000000000e+02 2.020000000000000000e+02
3.790000000000000000e+02 2.030000000000000000e+02
3.790000000000000000e+02 2.050000000000000000e+02
3.800000000000000000e+02 2.060000000000000000e+02
3.800000000000000000e+02 2.070000000000000000e+02
3.810000000000000000e+02 2.080000000000000000e+02
3.810000000000000000e+02 2.090000000000000000e+02
3.830000000000000000e+02 2.110000000000000000e+02
3.830000000000000000e+02 2.120000000000000000e+02
3.840000000000000000e+02 2.130000000000000000e+02
3.840000000000000000e+02 2.140000000000000000e+02
3.870000000000000000e+02 2.170000000000000000e+02
3.870000000000000000e+02 2.180000000000000000e+02
3.970000000000000000e+02 2.280000000000000000e+02
3.980000000000000000e+02 2.280000000000000000e+02
4.010000000000000000e+02 2.310000000000000000e+02
4.020000000000000000e+02 2.310000000000000000e+02
4.040000000000000000e+02 2.330000000000000000e+02
4.050000000000000000e+02 2.330000000000000000e+02
4.060000000000000000e+02 2.340000000000000000e+02
4.070000000000000000e+02 2.340000000000000000e+02
4.080000000000000000e+02 2.350000000000000000e+02
4.090000000000000000e+02 2.350000000000000000e+02
4.100000000000000000e+02 2.360000000000000000e+02
4.110000000000000000e+02 2.360000000000000000e+02
4.120000000000000000e+02 2.370000000000000000e+02
4.130000000000000000e+02 2.370000000000000000e+02
4.140000000000000000e+02 2.380000000000000000e+02
4.160000000000000000e+02 2.380000000000000000e+02
4.170000000000000000e+02 2.390000000000000000e+02
4.190000000000000000e+02 2.390000000000000000e+02
4.200000000000000000e+02 2.400000000000000000e+02
4.230000000000000000e+02 2.400000000000000000e+02
4.240000000000000000e+02 2.410000000000000000e+02
4.290000000000000000e+02 2.410000000000000000e+02
4.300000000000000000e+02 2.420000000000000000e+02
4.450000000000000000e+02 2.420000000000000000e+02
4.460000000000000000e+02 2.410000000000000000e+02
4.510000000000000000e+02 2.410000000000000000e+02
4.520000000000000000e+02 2.400000000000000000e+02
4.550000000000000000e+02 2.400000000000000000e+02
4.560000000000000000e+02 2.390000000000000000e+02
4.580000000000000000e+02 2.390000000000000000e+02
4.590000000000000000e+02 2.380000000000000000e+02
4.610000000000000000e+02 2.380000000000000000e+02
4.620000000000000000e+02 2.370000000000000000e+02
4.630000000000000000e+02 2.370000000000000000e+02
4.640000000000000000e+02 2.360000000000000000e+02
4.650000000000000000e+02 2.360000000000000000e+02
4.660000000000000000e+02 2.350000000000000000e+02
4.670000000000000000e+02 2.350000000000000000e+02
4.680000000000000000e+02 2.340000000000000000e+02
4.690000000000000000e+02 2.340000000000000000e+02
4.700000000000000000e+02 2.330000000000000000e+02
4.710000000000000000e+02 2.330000000000000000e+02
4.720000000000000000e+02 2.320000000000000000e+02
4.730000000000000000e+02 2.320000000000000000e+02
4.760000000000000000e+02 2.290000000000000000e+02
4.770000000000000000e+02 2.290000000000000000e+02
4.890000000000000000e+02 2.170000000000000000e+02
4.890000000000000000e+02 2.160000000000000000e+02
4.910000000000000000e+02 2.140000000000000000e+02
4.910000000000000000e+02 2.130000000000000000e+02
4.930000000000000000e+02 2.110000000000000000e+02
4.930000000000000000e+02 2.100000000000000000e+02
4.940000000000000000e+02 2.090000000000000000e+02
4.940000000000000000e+02 2.080000000000000000e+02
4.950000000000000000e+02 2.070000000000000000e+02
4.950000000000000000e+02 2.060000000000000000e+02
4.960000000000000000e+02 2.050000000000000000e+02
5.060000000000000000e+02 2.050000000000000000e+02
5.070000000000000000e+02 2.060000000000000000e+02
5.070000000000000000e+02 2.070000000000000000e+02
5.060000000000000000e+02 2.080000000000000000e+02
5.060000000000000000e+02 2.090000000000000000e+02
5.050000000000000000e+02 2.100000000000000000e+02
5.050000000000000000e+02 2.110000000000000000e+02
5.040000000000000000e+02 2.120000000000000000e+02
5.040000000000000000e+02 2.130000000000000000e+02
5.030000000000000000e+02 2.140000000000000000e+02
5.030000000000000000e+02 2.150000000000000000e+02
5.010000000000000000e+02 2.170000000000000000e+02
5.010000000000000000e+02 2.180000000000000000e+02
5.000000000000000000e+02 2.190000000000000000e+02
5.000000000000000000e+02 2.200000000000000000e+02
4.970000000000000000e+02 2.230000000000000000e+02
4.970000000000000000e+02 2.240000000000000000e+02
4.840000000000000000e+02 2.370000000000000000e+02
4.830000000000000000e+02 2.370000000000000000e+02
4.800000000000000000e+02 2.400000000000000000e+02
4.790000000000000000e+02 2.400000000000000000e+02
4.770000000000000000e+02 2.420000000000000000e+02
4.760000000000000000e+02 2.420000000000000000e+02
4.750000000000000000e+02 2.430000000000000000e+02
4.740000000000000000e+02 2.430000000000000000e+02
4.720000000000000000e+02 2.450000000000000000e+02
4.710000000000000000e+02 2.450000000000000000e+02
4.700000000000000000e+02 2.460000000000000000e+02
4.680000000000000000e+02 2.460000000000000000e+02
4.670000000000000000e+02 2.470000000000000000e+02
4.660000000000000000e+02 2.470000000000000000e+02
4.650000000000000000e+02 2.480000000000000000e+02
4.640000000000000000e+02 2.480000000000000000e+02
4.630000000000000000e+02 2.490000000000000000e+02
4.610000000000000000e+02 2.490000000000000000e+02
4.600000000000000000e+02 2.500000000000000000e+02
4.570000000000000000e+02 2.500000000000000000e+02
4.560000000000000000e+02 2.510000000000000000e+02
4.530000000000000000e+02 2.510000000000000000e+02
4.520000000000000000e+02 2.520000000000000000e+02
4.470000000000000000e+02 2.520000000000000000e+02
4.460000000000000000e+02 2.530000000000000000e+02
4.290000000000000000e+02 2.530000000000000000e+02
4.280000000000000000e+02 2.520000000000000000e+02
4.230000000000000000e+02 2.520000000000000000e+02
4.220000000000000000e+02 2.510000000000000000e+02
4.190000000000000000e+02 2.510000000000000000e+02
4.180000000000000000e+02 2.500000000000000000e+02
4.160000000000000000e+02 2.500000000000000000e+02
4.150000000000000000e+02 2.490000000000000000e+02
4.130000000000000000e+02 2.490000000000000000e+02
4.120000000000000000e+02 2.480000000000000000e+02
4.100000000000000000e+02 2.480000000000000000e+02
4.090000000000000000e+02 2.470000000000000000e+02
4.080000000000000000e+02 2.470000000000000000e+02
4.070000000000000000e+02 2.460000000000000000e+02
4.060000000000000000e+02 2.460000000000000000e+02
4.050000000000000000e+02 2.450000000000000000e+02
4.040000000000000000e+02 2.450000000000000000e+02
4.030000000000000000e+02 2.440000000000000000e+02
4.020000000000000000e+02 2.440000000000000000e+02
4.010000000000000000e+02 2.430000000000000000e+02
4.000000000000000000e+02 2.430000000000000000e+02
3.980000000000000000e+02 2.410000000000000000e+02
3.970000000000000000e+02 2.410000000000000000e+02
3.960000000000000000e+02 2.400000000000000000e+02
3.950000000000000000e+02 2.400000000000000000e+02
3.910000000000000000e+02 2.360000000000000000e+02
3.900000000000000000e+02 2.360000000000000000e+02
3.790000000000000000e+02 2.250000000000000000e+02
3.790000000000000000e+02 2.240000000000000000e+02
3.760000000000000000e+02 2.210000000000000000e+02
3.760000000000000000e+02 2.200000000000000000e+02
3.740000000000000000e+02 2.180000000000000000e+02
3.740000000000000000e+02 2.170000000000000000e+02
3.730000000000000000e+02 2.160000000000000000e+02
3.730000000000000000e+02 2.150000000000000000e+02
3.710000000000000000e+02 2.130000000000000000e+02
3.710000000000000000e+02 2.120000000000000000e+02
3.700000000000000000e+02 2.110000000000000000e+02
3.700000000000000000e+02 2.100000000000000000e+02
3.690000000000000000e+02 2.090000000000000000e+02
3.690000000000000000e+02 2.070000000000000000e+02
3.680000000000000000e+02 2.060000000000000000e+02
3.680000000000000000e+02 2.050000000000000000e+02
3.670000000000000000e+02 2.040000000000000000e+02
3.670000000000000000e+02 2.020000000000000000e+02
3.660000000000000000e+02 2.010000000000000000e+02
3.660000000000000000e+02 1.990000000000000000e+02
3.650000000000000000e+02 1.980000000000000000e+02
3.650000000000000000e+02 1.950000000000000000e+02
3.640000000000000000e+02 1.940000000000000000e+02
3.640000000000000000e+02 1.920000000000000000e+02
3.430000000000000000e+02 1.920000000000000000e+02
3.430000000000000000e+02 1.930000000000000000e+02
3.440000000000000000e+02 1.940000000000000000e+02
3.440000000000000000e+02 1.980000000000000000e+02
3.450000000000000000e+02 1.990000000000000000e+02
3.450000000000000000e+02 2.020000000000000000e+02
3.460000000000000000e+02 2.030000000000000000e+02
3.460000000000000000e+02 2.060000000000000000e+02
3.470000000000000000e+02 2.070000000000000000e+02
3.470000000000000000e+02 2.090000000000000000e+02
3.480000000000000000e+02 2.100000000000000000e+02
3.480000000000000000e+02 2.120000000000000000e+02
3.490000000000000000e+02 2.130000000000000000e+02
3.490000000000000000e+02 2.140000000000000000e+02
3.500000000000000000e+02 2.150000000000000000e+02
3.500000000000000000e+02 2.170000000000000000e+02
3.510000000000000000e+02 2.180000000000000000e+02
3.510000000000000000e+02 2.190000000000000000e+02
3.520000000000000000e+02 2.200000000000000000e+02
3.520000000000000000e+02 2.210000000000000000e+02
3.530000000000000000e+02 2.220000000000000000e+02
3.530000000000000000e+02 2.230000000000000000e+02
3.540000000000000000e+02 2.240000000000000000e+02
3.540000000000000000e+02 2.250000000000000000e+02
3.560000000000000000e+02 2.270000000000000000e+02
3.560000000000000000e+02 2.280000000000000000e+02
3.570000000000000000e+02 2.290000000000000000e+02
3.570000000000000000e+02 2.300000000000000000e+02
3.590000000000000000e+02 2.320000000000000000e+02
3.590000000000000000e+02 2.330000000000000000e+02
3.620000000000000000e+02 2.360000000000000000e+02
3.620000000000000000e+02 2.370000000000000000e+02
3.660000000000000000e+02 2.410000000000000000e+02
3.660000000000000000e+02 2.420000000000000000e+02
3.730000000000000000e+02 2.490000000000000000e+02
3.740000000000000000e+02 2.490000000000000000e+02
3.790000000000000000e+02 2.540000000000000000e+02
3.800000000000000000e+02 2.540000000000000000e+02
3.830000000000000000e+02 2.570000000000000000e+02
3.840000000000000000e+02 2.570000000000000000e+02
3.860000000000000000e+02 2.590000000000000000e+02
3.870000000000000000e+02 2.590000000000000000e+02
3.880000000000000000e+02 2.600000000000000000e+02
3.890000000000000000e+02 2.600000000000000000e+02
3.900000000000000000e+02 2.610000000000000000e+02
3.910000000000000000e+02 2.610000000000000000e+02
3.930000000000000000e+02 2.630000000000000000e+02
3.940000000000000000e+02 2.630000000000000000e+02
3.950000000000000000e+02 2.640000000000000000e+02
3.960000000000000000e+02 2.640000000000000000e+02
3.970000000000000000e+02 2.650000000000000000e+02
3.990000000000000000e+02 2.650000000000000000e+02
4.000000000000000000e+02 2.660000000000000000e+02
4.010000000000000000e+02 2.660000000000000000e+02
4.020000000000000000e+02 2.670000000000000000e+02
4.030000000000000000e+02 2.670000000000000000e+02
4.040000000000000000e+02 2.680000000000000000e+02
4.060000000000000000e+02 2.680000000000000000e+02
4.070000000000000000e+02 2.690000000000000000e+02
4.100000000000000000e+02 2.690000000000000000e+02
4.110000000000000000e+02 2.700000000000000000e+02
4.130000000000000000e+02 2.700000000000000000e+02
4.140000000000000000e+02 2.710000000000000000e+02
4.170000000000000000e+02 2.710000000000000000e+02
4.180000000000000000e+02 2.720000000000000000e+02
4.230000000000000000e+02 2.720000000000000000e+02
4.240000000000000000e+02 2.730000000000000000e+02
4.370000000000000000e+02 2.730000000000000000e+02
4.380000000000000000e+02 2.740000000000000000e+02
4.390000000000000000e+02 2.730000000000000000e+02
4.510000000000000000e+02 2.730000000000000000e+02
4.520000000000000000e+02 2.720000000000000000e+02
4.570000000000000000e+02 2.720000000000000000e+02
4.580000000000000000e+02 2.710000000000000000e+02
4.610000000000000000e+02 2.710000000000000000e+02
4.620000000000000000e+02 2.700000000000000000e+02
4.650000000000000000e+02 2.700000000000000000e+02
4.660000000000000000e+02 2.690000000000000000e+02
4.680000000000000000e+02 2.690000000000000000e+02
4.690000000000000000e+02 2.680000000000000000e+02
4.710000000000000000e+02 2.680000000000000000e+02
4.720000000000000000e+02 2.670000000000000000e+02
4.730000000000000000e+02 2.670000000000000000e+02
4.740000000000000000e+02 2.660000000000000000e+02
4.760000000000000000e+02 2.660000000000000000e+02
4.770000000000000000e+02 2.650000000000000000e+02
4.780000000000000000e+02 2.650000000000000000e+02
4.790000000000000000e+02 2.640000000000000000e+02
4.800000000000000000e+02 2.640000000000000000e+02
4.810000000000000000e+02 2.630000000000000000e+02
4.820000000000000000e+02 2.630000000000000000e+02
4.830000000000000000e+02 2.620000000000000000e+02
4.840000000000000000e+02 2.620000000000000000e+02
4.850000000000000000e+02 2.610000000000000000e+02
4.860000000000000000e+02 2.610000000000000000e+02
4.880000000000000000e+02 2.590000000000000000e+02
4.890000000000000000e+02 2.590000000000000000e+02
4.910000000000000000e+02 2.570000000000000000e+02
4.920000000000000000e+02 2.570000000000000000e+02
4.940000000000000000e+02 2.550000000000000000e+02
4.950000000000000000e+02 2.550000000000000000e+02
4.980000000000000000e+02 2.520000000000000000e+02
4.990000000000000000e+02 2.520000000000000000e+02
5.110000000000000000e+02 2.400000000000000000e+02
5.110000000000000000e+02 2.390000000000000000e+02
5.150000000000000000e+02 2.350000000000000000e+02
5.150000000000000000e+02 2.340000000000000000e+02
5.170000000000000000e+02 2.320000000000000000e+02
5.170000000000000000e+02 2.310000000000000000e+02
5.190000000000000000e+02 2.290000000000000000e+02
5.190000000000000000e+02 2.280000000000000000e+02
5.200000000000000000e+02 2.270000000000000000e+02
5.200000000000000000e+02 2.260000000000000000e+02
5.220000000000000000e+02 2.240000000000000000e+02
5.220000000000000000e+02 2.230000000000000000e+02
5.230000000000000000e+02 2.220000000000000000e+02
5.230000000000000000e+02 2.210000000000000000e+02
5.240000000000000000e+02 2.200000000000000000e+02
5.240000000000000000e+02 2.190000000000000000e+02
5.250000000000000000e+02 2.180000000000000000e+02
5.250000000000000000e+02 2.160000000000000000e+02
5.260000000000000000e+02 2.150000000000000000e+02
5.260000000000000000e+02 2.140000000000000000e+02
5.270000000000000000e+02 2.130000000000000000e+02
5.270000000000000000e+02 2.110000000000000000e+02
5.280000000000000000e+02 2.100000000000000000e+02
5.280000000000000000e+02 2.080000000000000000e+02
5.290000000000000000e+02 2.070000000000000000e+02
5.290000000000000000e+02 2.050000000000000000e+02
5.300000000000000000e+02 2.040000000000000000e+02
5.300000000000000000e+02 2.010000000000000000e+02
5.310000000000000000e+02 2.000000000000000000e+02
5.310000000000000000e+02 1.960000000000000000e+02
5.320000000000000000e+02 1.950000000000000000e+02
5.320000000000000000e+02 1.890000000000000000e+02
5.330000000000000000e+02 1.880000000000000000e+02
5.330000000000000000e+02 1.870000000000000000e+02
4.870000000000000000e+02 1.870000000000000000e+02
4.870000000000000000e+02 1.890000000000000000e+02
4.860000000000000000e+02 1.900000000000000000e+02
4.860000000000000000e+02 1.930000000000000000e+02
4.850000000000000000e+02 1.940000000000000000e+02
4.850000000000000000e+02 1.950000000000000000e+02
4.840000000000000000e+02 1.960000000000000000e+02
4.840000000000000000e+02 1.980000000000000000e+02
4.830000000000000000e+02 1.990000000000000000e+02
4.830000000000000000e+02 2.000000000000000000e+02
4.820000000000000000e+02 2.010000000000000000e+02
4.820000000000000000e+02 2.020000000000000000e+02
4.800000000000000000e+02 2.040000000000000000e+02
4.800000000000000000e+02 2.050000000000000000e+02
4.780000000000000000e+02 2.070000000000000000e+02
4.780000000000000000e+02 2.080000000000000000e+02
4.670000000000000000e+02 2.190000000000000000e+02
4.660000000000000000e+02 2.190000000000000000e+02
4.640000000000000000e+02 2.210000000000000000e+02
4.630000000000000000e+02 2.210000000000000000e+02
4.620000000000000000e+02 2.220000000000000000e+02
4.610000000000000000e+02 2.220000000000000000e+02
4.600000000000000000e+02 2.230000000000000000e+02
4.590000000000000000e+02 2.230000000000000000e+02
4.580000000000000000e+02 2.240000000000000000e+02
4.570000000000000000e+02 2.240000000000000000e+02
4.560000000000000000e+02 2.250000000000000000e+02
4.540000000000000000e+02 2.250000000000000000e+02
4.530000000000000000e+02 2.260000000000000000e+02
4.510000000000000000e+02 2.260000000000000000e+02
4.500000000000000000e+02 2.270000000000000000e+02
4.470000000000000000e+02 2.270000000000000000e+02
4.460000000000000000e+02 2.280000000000000000e+02
4.290000000000000000e+02 2.280000000000000000e+02
4.280000000000000000e+02 2.270000000000000000e+02
4.250000000000000000e+02 2.270000000000000000e+02
4.240000000000000000e+02 2.260000000000000000e+02
4.220000000000000000e+02 2.260000000000000000e+02
4.210000000000000000e+02 2.250000000000000000e+02
4.190000000000000000e+02 2.250000000000000000e+02
4.180000000000000000e+02 2.240000000000000000e+02
4.170000000000000000e+02 2.240000000000000000e+02
4.160000000000000000e+02 2.230000000000000000e+02
4.150000000000000000e+02 2.230000000000000000e+02
4.140000000000000000e+02 2.220000000000000000e+02
4.130000000000000000e+02 2.220000000000000000e+02
4.110000000000000000e+02 2.200000000000000000e+02
4.100000000000000000e+02 2.200000000000000000e+02
4.080000000000000000e+02 2.180000000000000000e+02
4.070000000000000000e+02 2.180000000000000000e+02
3.980000000000000000e+02 2.090000000000000000e+02
3.980000000000000000e+02 2.080000000000000000e+02
3.950000000000000000e+02 2.050000000000000000e+02
3.950000000000000000e+02 2.040000000000000000e+02
3.940000000000000000e+02 2.030000000000000000e+02
3.940000000000000000e+02 2.020000000000000000e+02
3.930000000000000000e+02 2.010000000000000000e+02
3.930000000000000000e+02 2.000000000000000000e+02
3.920000000000000000e+02 1.990000000000000000e+02
3.920000000000000000e+02 1.980000000000000000e+02
3.910000000000000000e+02 1.970000000000000000e+02
3.910000000000000000e+02 1.960000000000000000e+02
3.900000000000000000e+02 1.950000000000000000e+02
3.900000000000000000e+02 1.930000000000000000e+02
3.890000000000000000e+02 1.920000000000000000e+02
3.890000000000000000e+02 1.890000000000000000e+02
3.880000000000000000e+02 1.880000000000000000e+02
3.880000000000000000e+02 1.820000000000000000e+02
3.870000000000000000e+02 1.810000000000000000e+02
3.870000000000000000e+02 1.750000000000000000e+02
3.880000000000000000e+02 1.740000000000000000e+02
3.880000000000000000e+02 1.680000000000000000e+02
3.890000000000000000e+02 1.670000000000000000e+02
3.890000000000000000e+02 1.640000000000000000e+02
3.900000000000000000e+02 1.630000000000000000e+02
3.900000000000000000e+02 1.610000000000000000e+02
3.910000000000000000e+02 1.600000000000000000e+02
3.910000000000000000e+02 1.590000000000000000e+02
3.920000000000000000e+02 1.580000000000000000e+02
3.920000000000000000e+02 1.570000000000000000e+02
3.930000000000000000e+02 1.560000000000000000e+02
3.930000000000000000e+02 1.550000000000000000e+02
3.940000000000000000e+02 1.540000000000000000e+02
3.940000000000000000e+02 1.530000000000000000e+02
3.950000000000000000e+02 1.520000000000000000e+02
3.950000000000000000e+02 1.510000000000000000e+02
3.980000000000000000e+02 1.480000000000000000e+02
3.980000000000000000e+02 1.470000000000000000e+02
4.070000000000000000e+02 1.380000000000000000e+02
4.080000000000000000e+02 1.380000000000000000e+02
4.100000000000000000e+02 1.360000000000000000e+02
4.110000000000000000e+02 1.360000000000000000e+02
4.130000000000000000e+02 1.340000000000000000e+02
4.140000000000000000e+02 1.340000000000000000e+02
4.150000000000000000e+02 1.330000000000000000e+02
4.160000000000000000e+02 1.330000000000000000e+02
4.170000000000000000e+02 1.320000000000000000e+02
4.180000000000000000e+02 1.320000000000000000e+02
4.190000000000000000e+02 1.310000000000000000e+02
4.210000000000000000e+02 1.310000000000000000e+02
4.220000000000000000e+02 1.300000000000000000e+02
4.240000000000000000e+02 1.300000000000000000e+02
4.250000000000000000e+02 1.290000000000000000e+02
4.280000000000000000e+02 1.290000000000000000e+02
4.290000000000000000e+02 1.280000000000000000e+02
4.460000000000000000e+02 1.280000000000000000e+02
4.470000000000000000e+02 1.290000000000000000e+02
4.500000000000000000e+02 1.290000000000000000e+02
4.510000000000000000e+02 1.300000000000000000e+02
4.530000000000000000e+02 1.300000000000000000e+02
4.540000000000000000e+02 1.310000000000000000e+02
4.560000000000000000e+02 1.310000000000000000e+02
4.570000000000000000e+02 1.320000000000000000e+02
4.580000000000000000e+02 1.320000000000000000e+02
4.590000000000000000e+02 1.330000000000000000e+02
4.600000000000000000e+02 1.330000000000000000e+02
4.610000000000000000e+02 1.340000000000000000e+02
4.620000000000000000e+02 1.340000000000000000e+02
4.630000000000000000e+02 1.350000000000000000e+02
4.640000000000000000e+02 1.350000000000000000e+02
4.660000000000000000e+02 1.370000000000000000e+02
4.670000000000000000e+02 1.370000000000000000e+02
4.790000000000000000e+02 1.490000000000000000e+02
4.790000000000000000e+02 1.500000000000000000e+02
4.810000000000000000e+02 1.520000000000000000e+02
4.810000000000000000e+02 1.530000000000000000e+02
4.820000000000000000e+02 1.540000000000000000e+02
4.820000000000000000e+02 1.550000000000000000e+02
4.830000000000000000e+02 1.560000000000000000e+02
4.830000000000000000e+02 1.570000000000000000e+02
4.840000000000000000e+02 1.580000000000000000e+02
4.840000000000000000e+02 1.590000000000000000e+02
4.850000000000000000e+02 1.600000000000000000e+02
4.850000000000000000e+02 1.620000000000000000e+02
4.860000000000000000e+02 1.630000000000000000e+02
4.860000000000000000e+02 1.660000000000000000e+02
4.870000000000000000e+02 1.670000000000000000e+02
4.870000000000000000e+02 1.690000000000000000e+02
5.330000000000000000e+02 1.690000000000000000e+02
5.330000000000000000e+02 1.670000000000000000e+02
5.320000000000000000e+02 1.660000000000000000e+02
5.320000000000000000e+02 1.600000000000000000e+02
5.310000000000000000e+02 1.590000000000000000e+02
5.310000000000000000e+02 1.560000000000000000e+02
5.300000000000000000e+02 1.550000000000000000e+02
5.300000000000000000e+02 1.520000000000000000e+02
5.290000000000000000e+02 1.510000000000000000e+02
5.290000000000000000e+02 1.490000000000000000e+02
5.280000000000000000e+02 1.480000000000000000e+02
5.280000000000000000e+02 1.460000000000000000e+02
5.270000000000000000e+02 1.450000000000000000e+02
5.270000000000000000e+02 1.430000000000000000e+02
5.260000000000000000e+02 1.420000000000000000e+02
5.260000000000000000e+02 1.410000000000000000e+02
5.250000000000000000e+02 1.400000000000000000e+02
5.250000000000000000e+02 1.380000000000000000e+02
5.240000000000000000e+02 1.370000000000000000e+02
5.240000000000000000e+02 1.360000000000000000e+02
5.230000000000000000e+02 1.350000000000000000e+02
5.230000000000000000e+02 1.340000000000000000e+02
5.220000000000000000e+02 1.330000000000000000e+02
5.220000000000000000e+02 1.320000000000000000e+02
5.200000000000000000e+02 1.300000000000000000e+02
5.200000000000000000e+02 1.290000000000000000e+02
5.190000000000000000e+02 1.280000000000000000e+02
5.190000000000000000e+02 1.270000000000000000e+02
5.170000000000000000e+02 1.250000000000000000e+02
5.170000000000000000e+02 1.240000000000000000e+02
5.150000000000000000e+02 1.220000000000000000e+02
5.150000000000000000e+02 1.210000000000000000e+02
5.120000000000000000e+02 1.180000000000000000e+02
5.120000000000000000e+02 1.170000000000000000e+02
4.990000000000000000e+02 1.040000000000000000e+02
4.980000000000000000e+02 1.040000000000000000e+02
4.950000000000000000e+02 1.010000000000000000e+02
4.940000000000000000e+02 1.010000000000000000e+02
4.910000000000000000e+02 9.800000000000000000e+01
4.900000000000000000e+02 9.800000000000000000e+01
4.890000000000000000e+02 9.700000000000000000e+01
4.880000000000000000e+02 9.700000000000000000e+01
4.860000000000000000e+02 9.500000000000000000e+01
4.850000000000000000e+02 9.500000000000000000e+01
4.840000000000000000e+02 9.400000000000000000e+01
4.830000000000000000e+02 9.400000000000000000e+01
4.820000000000000000e+02 9.300000000000000000e+01
4.810000000000000000e+02 9.300000000000000000e+01
4.800000000000000000e+02 9.200000000000000000e+01
4.790000000000000000e+02 9.200000000000000000e+01
4.780000000000000000e+02 9.100000000000000000e+01
4.770000000000000000e+02 9.100000000000000000e+01
4.760000000000000000e+02 9.000000000000000000e+01
4.750000000000000000e+02 9.000000000000000000e+01
4.740000000000000000e+02 8.900000000000000000e+01
4.720000000000000000e+02 8.900000000000000000e+01
4.710000000000000000e+02 8.800000000000000000e+01
4.690000000000000000e+02 8.800000000000000000e+01
4.680000000000000000e+02 8.700000000000000000e+01
4.660000000000000000e+02 8.700000000000000000e+01
4.650000000000000000e+02 8.600000000000000000e+01
4.620000000000000000e+02 8.600000000000000000e+01
4.610000000000000000e+02 8.500000000000000000e+01
4.580000000000000000e+02 8.500000000000000000e+01
4.570000000000000000e+02 8.400000000000000000e+01
4.530000000000000000e+02 8.400000000000000000e+01
4.520000000000000000e+02 8.300000000000000000e+01
4.390000000000000000e+02 8.300000000000000000e+01
4.380000000000000000e+02 8.200000000000000000e+01
4.370000000000000000e+02 8.300000000000000000e+01
4.240000000000000000e+02 8.300000000000000000e+01
4.230000000000000000e+02 8.400000000000000000e+01
4.180000000000000000e+02 8.400000000000000000e+01
4.170000000000000000e+02 8.500000000000000000e+01
4.140000000000000000e+02 8.500000000000000000e+01
4.130000000000000000e+02 8.600000000000000000e+01
4.110000000000000000e+02 8.600000000000000000e+01
4.100000000000000000e+02 8.700000000000000000e+01
4.070000000000000000e+02 8.700000000000000000e+01
4.060000000000000000e+02 8.800000000000000000e+01
4.050000000000000000e+02 8.800000000000000000e+01
4.040000000000000000e+02 8.900000000000000000e+01
4.020000000000000000e+02 8.900000000000000000e+01
4.010000000000000000e+02 9.000000000000000000e+01
4.000000000000000000e+02 9.000000000000000000e+01
3.990000000000000000e+02 9.100000000000000000e+01
3.980000000000000000e+02 9.100000000000000000e+01
3.970000000000000000e+02 9.200000000000000000e+01
3.950000000000000000e+02 9.200000000000000000e+01
3.940000000000000000e+02 9.300000000000000000e+01
3.930000000000000000e+02 9.300000000000000000e+01
3.910000000000000000e+02 9.500000000000000000e+01
3.900000000000000000e+02 9.500000000000000000e+01
3.890000000000000000e+02 9.600000000000000000e+01
3.880000000000000000e+02 9.600000000000000000e+01
3.860000000000000000e+02 9.800000000000000000e+01
3.850000000000000000e+02 9.800000000000000000e+01
3.830000000000000000e+02 1.000000000000000000e+02
3.820000000000000000e+02 1.000000000000000000e+02
3.790000000000000000e+02 1.030000000000000000e+02
3.780000000000000000e+02 1.030000000000000000e+02
3.730000000000000000e+02 1.080000000000000000e+02
3.720000000000000000e+02 1.080000000000000000e+02
3.680000000000000000e+02 1.120000000000000000e+02
3.680000000000000000e+02 1.130000000000000000e+02
3.620000000000000000e+02 1.190000000000000000e+02
3.620000000000000000e+02 1.200000000000000000e+02
3.600000000000000000e+02 1.220000000000000000e+02
3.600000000000000000e+02 1.230000000000000000e+02
3.580000000000000000e+02 1.250000000000000000e+02
3.580000000000000000e+02 1.260000000000000000e+02
3.560000000000000000e+02 1.280000000000000000e+02
3.560000000000000000e+02 1.290000000000000000e+02
3.540000000000000000e+02 1.310000000000000000e+02
3.540000000000000000e+02 1.320000000000000000e+02
3.530000000000000000e+02 1.330000000000000000e+02
3.530000000000000000e+02 1.340000000000000000e+02
3.520000000000000000e+02 1.350000000000000000e+02
3.520000000000000000e+02 1.360000000000000000e+02
3.510000000000000000e+02 1.370000000000000000e+02
3.510000000000000000e+02 1.380000000000000000e+02
3.500000000000000000e+02 1.390000000000000000e+02
3.500000000000000000e+02 1.410000000000000000e+02
3.490000000000000000e+02 1.420000000000000000e+02
3.490000000000000000e+02 1.430000000000000000e+02
3.480000000000000000e+02 1.440000000000000000e+02
3.480000000000000000e+02 1.460000000000000000e+02
3.470000000000000000e+02 1.470000000000000000e+02
3.470000000000000000e+02 1.480000000000000000e+02
3.460000000000000000e+02 1.490000000000000000e+02
2.890000000000000000e+02 1.490000000000000000e+02
2.880000000000000000e+02 1.480000000000000000e+02
2.880000000000000000e+02 1.470000000000000000e+02
2.870000000000000000e+02 1.460000000000000000e+02
2.870000000000000000e+02 1.440000000000000000e+02
2.860000000000000000e+02 1.430000000000000000e+02
2.860000000000000000e+02 1.420000000000000000e+02
2.850000000000000000e+02 1.410000000000000000e+02
2.850000000000000000e+02 1.400000000000000000e+02
2.840000000000000000e+02 1.390000000000000000e+02
2.840000000000000000e+02 1.370000000000000000e+02
2.830000000000000000e+02 1.360000000000000000e+02
2.830000000000000000e+02 1.350000000000000000e+02
2.820000000000000000e+02 1.340000000000000000e+02
2.820000000000000000e+02 1.330000000000000000e+02
2.810000000000000000e+02 1.320000000000000000e+02
2.810000000000000000e+02 1.310000000000000000e+02
2.790000000000000000e+02 1.290000000000000000e+02
2.790000000000000000e+02 1.280000000000000000e+02
2.780000000000000000e+02 1.270000000000000000e+02
2.780000000000000000e+02 1.260000000000000000e+02
2.760000000000000000e+02 1.240000000000000000e+02
2.760000000000000000e+02 1.230000000000000000e+02
2.730000000000000000e+02 1.200000000000000000e+02
2.730000000000000000e+02 1.190000000000000000e+02
2.670000000000000000e+02 1.130000000000000000e+02
2.670000000000000000e+02 1.120000000000000000e+02
2.630000000000000000e+02 1.080000000000000000e+02
2.620000000000000000e+02 1.080000000000000000e+02
2.570000000000000000e+02 1.030000000000000000e+02
2.560000000000000000e+02 1.030000000000000000e+02
2.530000000000000000e+02 1.000000000000000000e+02
2.520000000000000000e+02 1.000000000000000000e+02
2.500000000000000000e+02 9.800000000000000000e+01
2.490000000000000000e+02 9.800000000000000000e+01
2.470000000000000000e+02 9.600000000000000000e+01
2.460000000000000000e+02 9.600000000000000000e+01
2.450000000000000000e+02 9.500000000000000000e+01
2.440000000000000000e+02 9.500000000000000000e+01
2.420000000000000000e+02 9.300000000000000000e+01
2.410000000000000000e+02 9.300000000000000000e+01
2.400000000000000000e+02 9.200000000000000000e+01
2.380000000000000000e+02 9.200000000000000000e+01
2.370000000000000000e+02 9.100000000000000000e+01
2.360000000000000000e+02 9.100000000000000000e+01
2.350000000000000000e+02 9.000000000000000000e+01
2.340000000000000000e+02 9.000000000000000000e+01
2.330000000000000000e+02 8.900000000000000000e+01
2.310000000000000000e+02 8.900000000000000000e+01
2.300000000000000000e+02 8.800000000000000000e+01
2.290000000000000000e+02 8.800000000000000000e+01
2.280000000000000000e+02 8.700000000000000000e+01
2.250000000000000000e+02 8.700000000000000000e+01
2.240000000000000000e+02 8.600000000000000000e+01
2.220000000000000000e+02 8.600000000000000000e+01
2.210000000000000000e+02 8.500000000000000000e+01
2.180000000000000000e+02 8.500000000000000000e+01
2.170000000000000000e+02 8.400000000000000000e+01
2.120000000000000000e+02 8.400000000000000000e+01
2.110000000000000000e+02 8.300000000000000000e+01
1.980000000000000000e+02 8.300000000000000000e+01
